0000 0001 4275 6431 0000 2000 0000 0800
0000 2000 0000 100c 0000 0000 0000 0000
0000 0000 0000 0000 0000 0000 0000 0800
0000 0800 0000 0000 0000 0000 0000 0000
0000 0000 0000 0002 0000 0000 0000 0016
0000 0001 0000 1000 7370 626c 6f62 0000
00f9 6270 0000 0000 0000 0000 0000 0000
0000 0000 0000 0000 0000 0000 0000 0000
0000 0000 0000 0000 0000 0000 0000 0000
0000 0000 0000 0000 0000 0000 0000 0000
0000 0000 0000 0000 0000 0000 0000 0000
0000 0000 0000 0000 0000 0000 0000 0000
0000 0000 0000 0000 0000 0000 0000 0000
0000 0000 0000 0000 0000 0000 0000 0000
0000 0000 0000 0000 0000 0000 0000 0000
0000 0000 0000 0000 0000 0000 0000 0000
0000 0000 0000 0000 0000 0000 0000 0000
0000 0000 0000 0000 0000 0000 0000 0000
0000 0000 0000 0000 0000 0000 0000 0000
0000 0000 0000 0000 0000 0000 0000 0000
0000 0000 0000 0000 0000 0000 0000 0000
0000 0000 0000 0000 0000 0000 0000 0000
0000 0000 0000 0000 0000 0000 0000 0000
0000 0000 0000 0000 0000 0000 0000 0000
0000 0000 0000 0000 0000 0000 0000 0000
0000 0000 0000 0000 0000 0000 0000 0000
0000 0000 0000 0000 0000 0000 0000 0000
0000 0000 0000 0000 0000 0000 0000 0000
0000 0000 0000 0000 0000 0000 0000 0000
0000 0000 0000 0000 0000 0000 0000 0000
0000 0000 0000 0000 0000 0000 0000 0000
0000 0000 0000 0000 0000 0000 0000 0000
0000 0000 0000 0000 0000 0000 0000 0000
0000 0000 0000 0000 0000 0000 0000 0000
0000 0000 0000 0000 0000 0000 0000 0000
0000 0000 0000 0000 0000 0000 0000 0000
0000 0000 0000 0000 0000 0000 0000 0000
0000 0000 0000 0000 0000 0000 0000 0000
0000 0000 0000 0000 0000 0000 0000 0000
0000 0000 0000 0000 0000 0000 0000 0000
0000 0000 0000 0000 0000 0000 0000 0000
0000 0000 0000 0000 0000 0000 0000 0000
0000 0000 0000 0000 0000 0000 0000 0000
0000 0000 0000 0000 0000 0000 0000 0000
0000 0000 0000 0000 0000 0000 0000 0000
0000 0000 0000 0000 0000 0000 0000 0000
0000 0000 0000 0000 0000 0000 0000 0000
0000 0000 0000 0000 0000 0000 0000 0000
0000 0000 0000 0000 0000 0000 0000 0000
0000 0000 0000 0000 0000 0000 0000 0000
0000 0000 0000 0000 0000 0000 0000 0000
0000 0000 0000 0000 0000 0000 0000 0000
0000 0000 0000 0000 0000 0000 0000 0000
0000 0000 0000 0000 0000 0000 0000 0000
0000 0000 0000 0000 0000 0000 0000 0000
0000 0000 0000 0000 0000 0000 0000 0000
0000 0000 0000 0000 0000 0000 0000 0000
0000 0000 0000 0000 0000 0000 0000 0000
0000 0000 0000 0000 0000 0000 0000 0000
0000 0000 0000 0000 0000 0000 0000 0000
0000 0000 0000 0000 0000 0000 0000 0000
0000 0000 0000 0000 0000 0000 0000 0000
0000 0000 0000 0000 0000 0000 0000 0000
0000 0000 0000 0000 0000 0000 0000 0000
0000 0000 0000 0000 0000 0000 0000 0000
0000 0000 0000 0000 0000 0000 0000 0000
0000 0000 0000 0000 0000 0000 0000 0000
0000 0000 0000 0000 0000 0000 0000 0000
0000 0000 0000 0000 0000 0000 0000 0000
0000 0000 0000 0000 0000 0000 0000 0000
0000 0000 0000 0000 0000 0000 0000 0000
0000 0000 0000 0000 0000 0000 0000 0000
0000 0000 0000 0000 0000 0000 0000 0000
0000 0000 0000 0000 0000 0000 0000 0000
0000 0000 0000 0000 0000 0000 0000 0000
0000 0000 0000 0000 0000 0000 0000 0000
0000 0000 0000 0000 0000 0000 0000 0000
0000 0000 0000 0000 0000 0000 0000 0000
0000 0000 0000 0000 0000 0000 0000 0000
0000 0000 0000 0000 0000 0000 0000 0000
0000 0000 0000 0000 0000 0000 0000 0000
0000 0000 0000 0000 0000 0000 0000 0000
0000 0000 0000 0000 0000 0000 0000 0000
0000 0000 0000 0000 0000 0000 0000 0000
0000 0000 0000 0000 0000 0000 0000 0000
0000 0000 0000 0000 0000 0000 0000 0000
0000 0000 0000 0000 0000 0000 0000 0000
0000 0000 0000 0000 0000 0000 0000 0000
0000 0000 0000 0000 0000 0000 0000 0000
0000 0000 0000 0000 0000 0000 0000 0000
0000 0000 0000 0000 0000 0000 0000 0000
0000 0000 0000 0000 0000 0000 0000 0000
0000 0000 0000 0000 0000 0000 0000 0000
0000 0000 0000 0000 0000 0000 0000 0000
0000 0000 0000 0000 0000 0000 0000 0000
0000 0000 0000 0000 0000 0000 0000 0000
0000 0000 0000 0000 0000 0000 0000 0000
0000 0000 0000 0000 0000 0000 0000 0000
0000 0000 0000 0000 0000 0000 0000 0000
0000 0000 0000 0000 0000 0000 0000 0000
0000 0000 0000 0000 0000 0000 0000 0000
0000 0000 0000 0000 0000 0000 0000 0000
0000 0000 0000 0000 0000 0000 0000 0000
0000 0000 0000 0000 0000 0000 0000 0000
0000 0000 0000 0000 0000 0000 0000 0000
0000 0000 0000 0000 0000 0000 0000 0000
0000 0000 0000 0000 0000 0000 0000 0000
0000 0000 0000 0000 0000 0000 0000 0000
0000 0000 0000 0000 0000 0000 0000 0000
0000 0000 0000 0000 0000 0000 0000 0000
0000 0000 0000 0000 0000 0000 0000 0000
0000 0000 0000 0000 0000 0000 0000 0000
0000 0000 0000 0000 0000 0000 0000 0000
0000 0000 0000 0000 0000 0000 0000 0000
0000 0000 0000 0000 0000 0000 0000 0000
0000 0000 0000 0000 0000 0000 0000 0000
0000 0000 0000 0000 0000 0000 0000 0000
0000 0000 0000 0000 0000 0000 0000 0000
0000 0000 0000 0000 0000 0000 0000 0000
0000 0000 0000 0000 0000 0000 0000 0000
0000 0000 0000 0000 0000 0000 0000 0000
0000 0000 0000 0000 0000 0000 0000 0000
0000 0000 0000 0000 0000 0000 0000 0000
0000 0000 0000 0000 0000 0000 0000 0000
0000 0000 0000 0000 0000 0000 0000 0000
0000 0000 0000 0000 0000 0000 0000 0000
0000 0000 0000 0000 0000 0000 0000 0000
0000 0000 0000 0000 0000 0000 0000 0000
0000 0000 0000 0001 0000 0000 0000 080b
0000 0000 0000 0000 0000 0000 0000 0000
0000 0000 0000 0000 0000 0000 0000 0000
0000 0000 0000 0000 0000 0000 0000 0000
0000 0000 0000 0000 0000 0000 0000 0000
0000 0000 0000 0000 0000 0000 0000 0000
0000 0000 0000 0000 0000 0000 0000 0000
0000 0000 0000 0000 0000 0000 0000 0000
0000 0000 0000 0000 0000 0000 0000 0000
0000 0000 0000 0000 0000 0000 0000 0000
0000 0000 0000 0000 0000 0000 0000 0000
0000 0000 0000 0000 0000 0000 0000 0000
0000 0000 0000 0000 0000 0000 0000 0000
0000 0000 0000 0000 0000 0000 0000 0000
0000 0000 0000 0000 0000 0000 0000 0000
0000 0000 0000 0000 0000 0000 0000 0000
0000 0000 0000 0000 0000 0000 0000 0000
0000 0000 0000 0000 0000 0000 0000 0000
0000 0000 0000 0000 0000 0000 0000 0000
0000 0000 0000 0000 0000 0000 0000 0000
0000 0000 0000 0000 0000 0000 0000 0000
0000 0000 0000 0000 0000 0000 0000 0000
0000 0000 0000 0000 0000 0000 0000 0000
0000 0000 0000 0000 0000 0000 0000 0000
0000 0000 0000 0000 0000 0000 0000 0000
0000 0000 0000 0000 0000 0000 0000 0000
0000 0000 0000 0000 0000 0000 0000 0000
0000 0000 0000 0000 0000 0000 0000 0000
0000 0000 0000 0000 0000 0000 0000 0000
0000 0000 0000 0000 0000 0000 0000 0000
0000 0000 0000 0000 0000 0000 0000 0000
0000 0000 0000 0000 0000 0000 0000 0000
0000 0000 0000 0000 0000 0000 0000 0000
0000 0000 0000 0000 0000 0000 0000 0000
0000 0000 0000 0000 0000 0000 0000 0000
0000 0000 0000 0000 0000 0000 0000 0000
0000 0000 0000 0000 0000 0000 0000 0000
0000 0000 0000 0000 0000 0000 0000 0000
0000 0000 0000 0000 0000 0000 0000 0000
0000 0000 0000 0000 0000 0000 0000 0000
0000 0000 0000 0000 0000 0000 0000 0000
0000 0000 0000 0000 0000 0000 0000 0000
0000 0000 0000 0000 0000 0000 0000 0000
0000 0000 0000 0000 0000 0000 0000 0000
0000 0000 0000 0000 0000 0000 0000 0000
0000 0000 0000 0000 0000 0000 0000 0000
0000 0000 0000 0000 0000 0000 0000 0000
0000 0000 0000 0000 0000 0000 0000 0000
0000 0000 0000 0000 0000 0000 0000 0000
0000 0000 0000 0000 0000 0000 0000 0000
0000 0000 0000 0000 0000 0000 0000 0000
0000 0000 0000 0000 0000 0000 0000 0000
0000 0000 0000 0000 0000 0000 0000 0000
0000 0000 0000 0000 0000 0000 0000 0000
0000 0000 0000 0000 0000 0000 0000 0000
0000 0000 0000 0000 0000 0000 0000 0000
0000 0000 0000 0000 0000 0000 0000 0000
0000 0000 0000 0000 0000 0000 0000 0000
0000 0000 0000 0000 0000 0000 0000 0000
0000 0000 0000 0000 0000 0000 0000 0000
0000 0000 0000 0000 0000 0000 0000 0000
0000 0000 0000 0000 0000 0000 0000 0000
0000 0000 0000 0000 0000 0000 0000 0000
0000 0000 0000 0000 0000 0000 0000 0000
0000 0000 0000 0000 0000 0000 0000 0000
0000 0000 0000 0000 0000 0000 0000 0000
0000 0000 0000 0001 0000 0020 0000 0001
0000 0040 0000 0001 0000 0080 0000 0001
0000 0100 0000 0001 0000 0200 0000 0001
0000 0400 0000 0000 0000 0001 0000 1000
0000 0001 0000 2000 0000 0001 0000 4000
0000 0001 0000 8000 0000 0001 0001 0000
0000 0001 0002 0000 0000 0001 0004 0000
0000 0001 0008 0000 0000 0001 0010 0000
0000 0001 0020 0000 0000 0001 0040 0000
0000 0001 0080 0000 0000 0001 0100 0000
0000 0001 0200 0000 0000 0001 0400 0000
0000 0001 0800 0000 0000 0001 1000 0000
0000 0001 2000 0000 0000 0001 4000 0000
0000 0000 0000 0000 0000 0000 0000 0000
0000 0000 0000 0000 0000 0000 0000 0000
0000 0000 0000 0000 0000 0000 0000 0000
0000 0000 0000 0000 0000 0000 0000 0000
0000 0000 0000 0000 0000 0000 0000 0000
0000 0000 0000 0000 0000 0000 0000 0000
0000 0000 0000 0000 0000 0000 0000 0000
0000 0000 0000 0000 0000 0000 0000 0000
0000 0000 0000 0000 0000 0000 0000 0000
0000 0000 0000 0000 0000 0000 0000 0000
0000 0000 0000 0000 0000 0000 0000 0000
0000 0000 0000 0000 0000 0000 0000 0000
0000 0000 0000 0000 0000 0000 0000 0000
0000 0000 0000 0000 0000 0000 0000 0000
0000 0000 0000 0000 0000 0000 0000 0000
0000 0000 0000 0000 0000 0000 0000 0000
0000 0000 0000 0000 0000 0000 0000 0000
0000 0000 0000 0000 0000 0000 0000 0000
0000 0000 0000 0000 0000 0000 0000 0000
0000 0000 0000 0000 0000 0000 0000 0000
0000 0000 0000 0000 0000 0000 0000 0000
0000 0000 0000 0000 0000 0000 0000 0000
0000 0000 0000 0000 0000 0000 0000 0000
0000 0000 0000 0000 0000 0000 0000 0000
0000 0000 0000 0000 0000 0000 0000 0000
0000 0000 0000 0000 0000 0000 0000 0000
0000 0000 0000 0000 0000 0000 0000 0000
0000 0000 0000 0000 0000 0000 0000 0000
0000 0000 0000 0000 0000 0000 0000 0000
0000 0000 0000 0000 0000 0000 0000 0000
0000 0000 0000 0000 0000 0000 0000 0000
0000 0000 0000 0000 0000 0000 0000 0000
0000 0000 0000 0000 0000 0000 0000 0000
0000 0000 0000 0000 0000 0000 0000 0000
0000 0000 0000 0000 0000 0000 0000 0000
0000 0000 0000 0000 0000 0000 0000 0000
0000 0000 0000 0000 0000 0000 0000 0000
0000 0000 0000 0000 0000 0000 0000 0000
0000 0000 0000 0000 0000 0000 0000 0000
0000 0000 0000 0000 0000 0000 0000 0000
0000 0000 0000 0000 0000 0000 0000 0000
0000 0000 0000 0000 0000 0000 0000 0000
0000 0000 0000 0000 0000 0000 0000 0000
0000 0000 0000 0000 0000 0000 0000 0000
0000 0000 0000 0000 0000 0000 0000 0000
0000 0000 0000 0000 0000 0000 0000 0000
0000 0000 0000 0000 0000 0000 0000 0000
0000 0000 0000 0000 0000 0000 0000 0000
0000 0000 0000 0000 0000 0000 0000 0000
0000 0000 0000 0000 0000 0016 0000 0003
0063 0073 0073 6277 7370 626c 6f62 0000
00f9 6270 6c69 7374 3030 d901 0203 0405
0607 0809 0a0a 0c0a 0c0a 1011 0c5d 5368
6f77 5374 6174 7573 4261 725b 5368 6f77
5369 6465 6261 725b 5368 6f77 5061 7468
6261 725b 5368 6f77 546f 6f6c 6261 725b
5368 6f77 5461 6256 6965 775f 1014 436f
6e74 6169 6e65 7253 686f 7753 6964 6562
6172 5c57 696e 646f 7742 6f75 6e64 735c
5369 6465 6261 7257 6964 7468 5f10 1550
7265 7669 6577 5061 6e65 5669 7369 6269
6c69 7479 0909 0809 0809 5f10 187b 7b35
3535 2c20 3334 387d 2c20 7b37 3730 2c20
3436 307d 7d10 7f08 081b 2935 414d 5970
7d8a a2a3 a4a5 a6a7 a8c3 c500 0000 0000
0001 0100 0000 0000 0000 1300 0000 0000
0000 0000 0000 0000 0000 c600 0000 0300
6300 7300 736c 6731 5363 6f6d 7000 0000
0000 006d c100 0000 0300 6300 7300 736d
6f44 4464 7574 6300 00d0 b75d 9800 0000
0000 0300 6300 7300 736d 6f64 4464 7574
6300 00d0 b75d 9800 0000 0000 0300 6300
7300 7370 6831 5363 6f6d 7000 0000 0000
0080 0000 0000 0200 6a00 7362 7773 7062
6c6f 6200 0000 f962 706c 6973 7430 30d9
0102 0304 0506 0708 090a 0a0c 0a0c 0a10
110c 5d53 686f 7753 7461 7475 7342 6172
5b53 686f 7753 6964 6562 6172 5b53 686f
7750 6174 6862 6172 5b53 686f 7754 6f6f
6c62 6172 5b53 686f 7754 6162 5669 6577
5f10 1443 6f6e 7461 696e 6572 5368 6f77
5369 6465 6261 725c 5769 6e64 6f77 426f
756e 6473 5c53 6964 6562 6172 5769 6474
685f 1015 5072 6576 6965 7750 616e 6556
6973 6962 696c 6974 7909 0908 0908 095f
1018 7b7b 3535 352c 2033 3438 7d2c 207b
3737 302c 2034 3630 7d7d 107f 0808 1b29
3541 4d59 707d 8aa2 a3a4 a5a6 a7a8 c3c5
0000 0000 0000 0101 0000 0000 0000 0013
0000 0000 0000 0000 0000 0000 0000 00c6
0000 0002 006a 0073 6c67 3153 636f 6d70
0000 0000 0001 9a31 0000 0002 006a 0073
6c73 7650 626c 6f62 0000 02ac 6270 6c69
7374 3030 da01 0203 0405 0607 0809 0a0b
0c0d 1a45 4647 160c 495f 1012 7669 6577
4f70 7469 6f6e 7356 6572 7369 6f6e 5f10
0f73 686f 7749 636f 6e50 7265 7669 6577
5763 6f6c 756d 6e73 5f10 1163 616c 6375
6c61 7465 416c 6c53 697a 6573 5f10 0f73
6372 6f6c 6c50 6f73 6974 696f 6e59 5874
6578 7453 697a 655f 100f 7363 726f 6c6c
506f 7369 7469 6f6e 585a 736f 7274 436f
6c75 6d6e 5f10 1075 7365 5265 6c61 7469
7665 4461 7465 7358 6963 6f6e 5369 7a65
1001 09aa 0e17 1c20 252a 2f34 383d d40f
1011 120c 140c 1657 7669 7369 626c 6555
7769 6474 6859 6173 6365 6e64 696e 675a
6964 656e 7469 6669 6572 0911 012c 0954
6e61 6d65 d40f 1011 120c 191a 1b09 10b5
085c 6461 7465 4d6f 6469 6669 6564 d40f
1011 121a 191a 1f08 085b 6461 7465 4372
6561 7465 64d4 0f10 1112 0c22 1a24 0910
6108 5473 697a 65d4 0f10 1112 0c27 0c29
0910 7309 546b 696e 64d4 0f10 1112 1a2c
0c2e 0810 6409 556c 6162 656c d40f 1011
121a 310c 3308 104b 0957 7665 7273 696f
6ed4 0f10 1112 1a14 0c37 0809 5863 6f6d
6d65 6e74 73d4 0f10 1112 1a3a 1a3c 0810
c808 5e64 6174 654c 6173 744f 7065 6e65
64d4 123e 3f40 4119 1a1a 5577 6964 7468
5961 7363 656e 6469 6e67 5776 6973 6962
6c65 5964 6174 6541 6464 6564 0808 0823
0000 0000 0000 0000 2340 2800 0000 0000
0023 4008 0000 0000 0000 0923 4030 0000
0000 0000 0008 001d 0032 0044 004c 0060
0072 007b 008d 0098 00ab 00b4 00b6 00b7
00c2 00cb 00d3 00d9 00e3 00ee 00ef 00f2
00f3 00f8 0101 0102 0104 0105 0112 011b
011c 011d 0129 0132 0133 0135 0136 013b
0144 0145 0147 0148 014d 0156 0157 0159
015a 0160 0169 016a 016c 016d 0175 017e
017f 0180 0189 0192 0193 0195 0196 01a5
01ae 01b4 01be 01c6 01d0 01d1 01d2 01d3
01dc 01e5 01ee 01ef 0000 0000 0000 0201
0000 0000 0000 004a 0000 0000 0000 0000
0000 0000 0000 01f8 0000 0002 006a 0073
6c73 7670 626c 6f62 0000 0294 6270 6c69
7374 3030 da01 0203 0405 0607 0809 0a0b
0c0d 1c46 4748 150c 4a5f 1012 7669 6577
4f70 7469 6f6e 7356 6572 7369 6f6e 5f10
0f73 686f 7749 636f 6e50 7265 7669 6577
5763 6f6c 756d 6e73 5f10 1163 616c 6375
6c61 7465 416c 6c53 697a 6573 5f10 0f73
6372 6f6c 6c50 6f73 6974 696f 6e59 5874
6578 7453 697a 655f 100f 7363 726f 6c6c
506f 7369 7469 6f6e 585a 736f 7274 436f
6c75 6d6e 5f10 1075 7365 5265 6c61 7469
7665 4461 7465 7358 6963 6f6e 5369 7a65
1001 09d9 0e0f 1011 1213 1415 1617 2025
2a2f 3439 3e42 5863 6f6d 6d65 6e74 735e
6461 7465 4c61 7374 4f70 656e 6564 5b64
6174 6543 7265 6174 6564 5473 697a 6555
6c61 6265 6c54 6b69 6e64 5776 6572 7369
6f6e 546e 616d 655c 6461 7465 4d6f 6469
6669 6564 d418 191a 1b1c 1d0c 1f57 7669
7369 626c 6555 7769 6474 6859 6173 6365
6e64 696e 6755 696e 6465 7808 1101 2c09
1007 d418 191a 1b1c 221c 2408 10c8 0810
08d4 1819 1a1b 1c27 1c29 0810 b508 1002
d418 191a 1b0c 2c1c 2e09 1061 0810 03d4
1819 1a1b 1c31 0c33 0810 6409 1005 d418
191a 1b0c 360c 3809 1073 0910 04d4 1819
1a1b 1c3b 0c3d 0810 4b09 1006 d418 191a
1b0c 1d0c 4109 0910 00d4 1819 1a1b 0c27
1c0b 0908 0823 0000 0000 0000 0000 2340
2800 0000 0000 0023 4008 0000 0000 0000
0923 4030 0000 0000 0000 0008 001d 0032
0044 004c 0060 0072 007b 008d 0098 00ab
00b4 00b6 00b7 00ca 00d3 00e2 00ee 00f3
00f9 00fe 0106 010b 0118 0121 0129 012f
0139 013f 0140 0143 0144 0146 014f 0150
0152 0153 0155 015e 015f 0161 0162 0164
016d 016e 0170 0171 0173 017c 017d 017f
0180 0182 018b 018c 018e 018f 0191 019a
019b 019d 019e 01a0 01a9 01aa 01ab 01ad
01b6 01b7 01b8 01b9 01c2 01cb 01d4 01d5
0000 0000 0000 0201 0000 0000 0000 004b
0000 0000 0000 0000 0000 0000 0000 01de
0000 0002 006a 0073 6d6f 4444 6475 7463
0000 d0b7 65f9 0000 0000 0002 006a 0073
6d6f 6444 6475 7463 0000 d0b7 65f9 0000
0000 0002 006a 0073 7068 3153 636f 6d70
0000 0000 0001 b000 0000 0008 0070 0061
0072 0074 0069 0061 006c 0073 6277 7370
626c 6f62 0000 00f9 6270 6c69 7374 3030
d901 0203 0405 0607 0809 0a0a 0c0a 0c0a
1011 0c5d 5368 6f77 5374 6174 7573 4261
725b 5368 6f77 5369 6465 6261 725b 5368
6f77 5061 7468 6261 725b 5368 6f77 546f
6f6c 6261 725b 5368 6f77 5461 6256 6965
775f 1014 436f 6e74 6169 6e65 7253 686f
7753 6964 6562 6172 5c57 696e 646f 7742
6f75 6e64 735c 5369 6465 6261 7257 6964
7468 5f10 1550 7265 7669 6577 5061 6e65
5669 7369 6269 6c69 7479 0909 0809 0809
5f10 187b 7b35 3535 2c20 3334 387d 2c20
7b37 3730 2c20 3436 307d 7d10 7f08 081b
2935 414d 5970 7d8a a2a3 a4a5 a6a7 a8c3
c500 0000 0000 0001 0100 0000 0000 0000
1300 0000 0000 0000 0000 0000 0000 0000
c600 0000 0800 7000 6100 7200 7400 6900
6100 6c00 736c 6731 5363 6f6d 7000 0000
0000 0003 da00 0000 0800 7000 6100 7200
7400 6900 6100 6c00 736d 6f44 4464 7574
6300 00d0 b765 a100 0000 0000 0800 7000
6100 7200 7400 6900 6100 6c00 736d 6f64
4464 7574 6300 00d0 b765 a100 0000 0000
0800 7000 6100 7200 7400 6900 6100 6c00
7370 6831 5363 6f6d 7000 0000 0000 0030
0000 0000 0400 7300 6300 7300 7362 7773
7062 6c6f 6200 0000 f962 706c 6973 7430
30d9 0102 0304 0506 0708 090a 0a0c 0a0c
0a10 110c 5d53 686f 7753 7461 7475 7342
6172 5b53 686f 7753 6964 6562 6172 5b53
686f 7750 6174 6862 6172 5b53 686f 7754
6f6f 6c62 6172 5b53 686f 7754 6162 5669
6577 5f10 1443 6f6e 7461 696e 6572 5368
6f77 5369 6465 6261 725c 5769 6e64 6f77
426f 756e 6473 5c53 6964 6562 6172 5769
6474 685f 1015 5072 6576 6965 7750 616e
6556 6973 6962 696c 6974 7909 0908 0908
095f 1018 7b7b 3535 352c 2033 3438 7d2c
207b 3737 302c 2034 3630 7d7d 107f 0808
1b29 3541 4d59 707d 8aa2 a3a4 a5a6 a7a8
c3c5 0000 0000 0000 0101 0000 0000 0000
0013 0000 0000 0000 0000 0000 0000 0000
00c6 0000 0004 0073 0063 0073 0073 6c67
3153 636f 6d70 0000 0000 0000 2762 0000
0004 0073 0063 0073 0073 6d6f 4444 6475
7463 0000 d0b7 6639 0000 0000 0004 0073
0063 0073 0073 6d6f 6444 6475 7463 0000
d0b7 6639 0000 0000 0004 0073 0063 0073
0073 7068 3153 636f 6d70 0000 0000 0000
3000 0000 0000 0000 0000 0000 0000 0000
0000 0000 0000 0000 0000 0000 0000 0000
0000 0000 0000 0000 0000 0000 0000 0000
0000 0000 0000 0000 0000 0000 0000 0000
0000 0000 0000 0000 0000 0000 0000 0000
0000 0000 0000 0000 0000 0000 0000 0000
0000 0000 0000 0000 0000 0000 0000 0000
0000 0000 0000 0000 0000 0000 0000 0000
0000 0000 0000 0000 0000 0000 0000 0000
0000 0000 0000 0000 0000 0000 0000 0000
0000 0000 0000 0000 0000 0000 0000 0000
0000 0000 0000 0000 0000 0000 0000 0000
0000 0000 0000 0000 0000 0000 0000 0000
0000 0000 0000 0000 0000 0000 0000 0000
0000 0000 0000 0000 0000 0000 0000 0000
0000 0000 0000 0000 0000 0000 0000 0000
0000 0000 0000 0000 0000 0000 0000 0000
0000 0000 0000 0000 0000 0000 0000 0000
0000 0000 0000 0000 0000 0000 0000 0000
0000 0000 0000 0000 0000 0000 0000 0000
0000 0000 0000 0000 0000 0000 0000 0000
0000 0000 0000 0000 0000 0000 0000 0000
0000 0000 0000 0000 0000 0000 0000 0000
0000 0000 0000 0000 0000 0000 0000 0000
0000 0000 0000 0000 0000 0000 0000 0000
0000 0000 0000 0000 0000 0000 0000 0000
0000 0000 0000 0000 0000 0000 0000 0000
0000 0000 0000 0000 0000 0000 0000 0000
0000 0000 0000 0000 0000 0000 0000 0000
0000 0000 0000 0000 0000 0000 0000 0000
0000 0000 0000 0000 0000 0000 0000 0000
0000 0000 0000 0000 0000 0000 0000 0000
0000 0000 0000 0000 0000 0000 0000 0000
0000 0000 0000 0000 0000 0000 0000 0000
0000 0000 0000 0000 0000 0000 0000 0000
0000 0000 0000 0000 0000 0000 0000 0000
0000 0000 0000 0000 0000 0000 0000 0000
0000 0000 0000 0000 0000 0000 0000 0000
0000 0000 0000 0000 0000 0000 0000 0000
0000 0000 0000 0000 0000 0000 0000 0000
0000 0000 0000 0000 0000 0000 0000 0000
0000 0000 0000 0000 0000 0000 0000 0000
0000 0000 0000 0000 0000 0000 0000 0000
0000 0000 0000 0000 0000 0000 0000 0000
0000 0000 0000 0000 0000 0000 0000 0000
0000 0000 0000 0000 0000 0000 0000 0000
0000 0000 0000 0000 0000 0000 0000 0000
0000 0000 0000 0000 0000 0000 0000 0000
0000 0000 0000 0000 0000 0000 0000 0000
0000 0000 0000 0000 0000 0000 0000 0000
0000 0000 0000 0000 0000 0000 0000 0000
0000 0000 0000 0000 0000 0000 0000 0000
0000 0000 0000 0000 0000 0000 0000 0000
0000 0000 0000 0000 0000 0000 0000 0000
0000 0000 0000 0000 0000 0000 0000 0000
0000 0000 0000 0000 0000 0000 0000 0000
0000 0000 0000 0000 0000 0000 0000 0000
0000 0000 0000 0000 0000 0000 0000 0000
0000 0000 0000 0000 0000 0000 0000 0000
0000 0000 0000 0000 0000 0000 0000 0000
0000 0000 0000 0000 0000 0000 0000 0000
0000 0000 0000 0000 0000 0000 0000 0000
0000 0000 0000 0000 0000 0000 0000 0000
0000 0000 0000 0000 0000 0000 0000 0000
0000 0000 0000 0000 0000 0000 0000 0000
0000 0000 0000 0000 0000 0000 0000 0000
0000 0000 0000 0000 0000 0000 0000 0000
0000 0000 0000 0000 0000 0000 0000 0000
0000 0000 0000 0000 0000 0000 0000 0000
0000 0000 0000 0000 0000 0000 0000 0000
0000 0000 0000 0000 0000 0000 0000 0000
0000 0000 0000 0000 0000 0000 0000 0000
0000 0000 0000 0003 0000 0000 0000 200b
0000 0045 0000 100c 0000 0000 0000 0000
0000 0000 0000 0000 0000 0000 0000 0000
0000 0000 0000 0000 0000 0000 0000 0000
0000 0000 0000 0000 0000 0000 0000 0000
0000 0000 0000 0000 0000 0000 0000 0000
0000 0000 0000 0000 0000 0000 0000 0000
0000 0000 0000 0000 0000 0000 0000 0000
0000 0000 0000 0000 0000 0000 0000 0000
0000 0000 0000 0000 0000 0000 0000 0000
0000 0000 0000 0000 0000 0000 0000 0000
0000 0000 0000 0000 0000 0000 0000 0000
0000 0000 0000 0000 0000 0000 0000 0000
0000 0000 0000 0000 0000 0000 0000 0000
0000 0000 0000 0000 0000 0000 0000 0000
0000 0000 0000 0000 0000 0000 0000 0000
0000 0000 0000 0000 0000 0000 0000 0000
0000 0000 0000 0000 0000 0000 0000 0000
0000 0000 0000 0000 0000 0000 0000 0000
0000 0000 0000 0000 0000 0000 0000 0000
0000 0000 0000 0000 0000 0000 0000 0000
0000 0000 0000 0000 0000 0000 0000 0000
0000 0000 0000 0000 0000 0000 0000 0000
0000 0000 0000 0000 0000 0000 0000 0000
0000 0000 0000 0000 0000 0000 0000 0000
0000 0000 0000 0000 0000 0000 0000 0000
0000 0000 0000 0000 0000 0000 0000 0000
0000 0000 0000 0000 0000 0000 0000 0000
0000 0000 0000 0000 0000 0000 0000 0000
0000 0000 0000 0000 0000 0000 0000 0000
0000 0000 0000 0000 0000 0000 0000 0000
0000 0000 0000 0000 0000 0000 0000 0000
0000 0000 0000 0000 0000 0000 0000 0000
0000 0000 0000 0000 0000 0000 0000 0000
0000 0000 0000 0000 0000 0000 0000 0000
0000 0000 0000 0000 0000 0000 0000 0000
0000 0000 0000 0000 0000 0000 0000 0000
0000 0000 0000 0000 0000 0000 0000 0000
0000 0000 0000 0000 0000 0000 0000 0000
0000 0000 0000 0000 0000 0000 0000 0000
0000 0000 0000 0000 0000 0000 0000 0000
0000 0000 0000 0000 0000 0000 0000 0000
0000 0000 0000 0000 0000 0000 0000 0000
0000 0000 0000 0000 0000 0000 0000 0000
0000 0000 0000 0000 0000 0000 0000 0000
0000 0000 0000 0000 0000 0000 0000 0000
0000 0000 0000 0000 0000 0000 0000 0000
0000 0000 0000 0000 0000 0000 0000 0000
0000 0000 0000 0000 0000 0000 0000 0000
0000 0000 0000 0000 0000 0000 0000 0000
0000 0000 0000 0000 0000 0000 0000 0000
0000 0000 0000 0000 0000 0000 0000 0000
0000 0000 0000 0000 0000 0000 0000 0000
0000 0000 0000 0000 0000 0000 0000 0000
0000 0000 0000 0000 0000 0000 0000 0000
0000 0000 0000 0000 0000 0000 0000 0000
0000 0000 0000 0000 0000 0000 0000 0000
0000 0000 0000 0000 0000 0000 0000 0000
0000 0000 0000 0000 0000 0000 0000 0000
0000 0000 0000 0000 0000 0000 0000 0000
0000 0000 0000 0000 0000 0000 0000 0000
0000 0000 0000 0000 0000 0000 0000 0000
0000 0000 0000 0000 0000 0000 0000 0000
0000 0000 0000 0000 0000 0000 0000 0000
0000 0000 0000 0000 0000 0000 0000 0001
0444 5344 4200 0000 0100 0000 0000 0000
0000 0000 0000 0000 0000 0000 0000 0000
0200 0000 2000 0000 6000 0000 0000 0000
0100 0000 8000 0000 0100 0001 0000 0000
0100 0002 0000 0000 0100 0004 0000 0000
0200 0008 0000 0028 0000 0000 0100 0030
0000 0000 0000 0000 0100 0040 0000 0000
0100 0080 0000 0000 0100 0100 0000 0000
0100 0200 0000 0000 0100 0400 0000 0000
0100 0800 0000 0000 0100 1000 0000 0000
0100 2000 0000 0000 0100 4000 0000 0000
0100 8000 0000 0000 0101 0000 0000 0000
0102 0000 0000 0000 0104 0000 0000 0000
0108 0000 0000 0000 0110 0000 0000 0000
0120 0000 0000 0000 0140 0000 0000 0000
0044 0145 0147 0148 014d 0156 0157 0159
015a 0160 0169 016a 016c 016d 0175 017e
017f 0180 0189 0192 0193 0195 0196 01a5
01ae 01b4 01be 01c6 01d0 01d1 01d2 01d3
01dc 01e5 01ee 01ef 0000 0000 0000 0201
0000 0000 0000 004a 0000 0000 0000 0000
0000 0000 0000 01f8 0000 0002 006a 0073
6c73 7670 626c 6f62 0000 0294 6270 6c69
7374 3030 da01 0203 0405 0607 0809 0a0b
0c0d 1c46 4748 150c 4a5f 1012 7669 6577
4f70 7469 6f6e 7356 6572 7369 6f6e 5f10
0f73 686f 7749 636f 6e50 7265 7669 6577
5763 6f6c 756d 6e73 5f10 1163 616c 6375
6c61 7465 416c 6c53 697a 6573 5f10 0f73
6372 6f6c 6c50 6f73 6974 696f 6e59 5874
6578 7453 697a 655f 100f 7363 726f 6c6c
506f 7369 7469 6f6e 585a 736f 7274 436f
6c75 6d6e 5f10 1075 7365 5265 6c61 7469
7665 4461 7465 7358 6963 6f6e 5369 7a65
1001 09d9 0e0f 1011 1213 1415 1617 2025
2a2f 3439 3e42 5863 6f6d 6d65 6e74 735e
6461 7465 4c61 7374 4f70 656e 6564 5b64
6174 6543 7265 6174 6564 5473 697a 6555
6c61 6265 6c54 6b69 6e64 5776 6572 7369
6f6e 546e 616d 655c 6461 7465 4d6f 6469
6669 6564 d418 191a 1b1c 1d0c 1f57 7669
7369 626c 6555 7769 6474 6859 6173 6365
6e64 696e 6755 696e 6465 7808 1101 2c09
1007 d418 191a 1b1c 221c 2408 10c8 0810
08d4 1819 1a1b 1c27 1c29 0810 b508 1002
d418 191a 1b0c 2c1c 2e09 1061 0810 03d4
1819 1a1b 1c31 0c33 0810 6409 1005 d418
191a 1b0c 360c 3809 1073 0910 04d4 1819
1a1b 1c3b 0c3d 0810 4b09 1006 d418 191a
1b0c 1d0c 4109 0910 00d4 1819 1a1b 0c27
1c0b 0908 0823 0000 0000 0000 0000 2340
2800 0000 0000 0023 4008 0000 0000 0000
0923 4030 0000 0000 0000 0008 001d 0032
0044 004c 0060 0072 007b 008d 0098 00ab
00b4 00b6 00b7 00ca 00d3 00e2 00ee 00f3
00f9 00fe 0106 010b 0118 0121 0129 012f
0139 013f 0140 0143 0144 0146 014f 0150
0152 0153 0155 015e 015f 0161 0162 0164
016d 016e 0170 0171 0173 017c 017d 017f
0180 0182 018b 018c 018e 018f 0191 019a
019b 019d 019e 01a0 01a9 01aa 01ab 01ad
01b6 01b7 01b8 01b9 01c2 01cb 01d4 01d5
0000 0000 0000 0201 0000 0000 0000 004b
0000 0000
